bv,time_stamp,0,1,2,3,4,5
BV1MQ4y1v7MV,0,0.161290323,0.032258065,0.112903226,0.161290323,0.225806452,0.306451613
BV1MQ4y1v7MV,1,0.161290323,0.032258065,0.112903226,0.161290323,0.225806452,0.306451613
BV1MQ4y1v7MV,2,0.161290323,0.032258065,0.112903226,0.161290323,0.225806452,0.306451613
BV1MQ4y1v7MV,3,0.161290323,0.032258065,0.112903226,0.161290323,0.225806452,0.306451613
BV1MQ4y1v7MV,4,0.161290323,0.032258065,0.112903226,0.161290323,0.225806452,0.306451613
BV1MQ4y1v7MV,5,0.26984127,0,0.095238095,0.158730159,0.142857143,0.333333333
BV1MQ4y1v7MV,6,0.26984127,0,0.095238095,0.158730159,0.142857143,0.333333333
BV1MQ4y1v7MV,7,0.26984127,0,0.095238095,0.158730159,0.142857143,0.333333333
BV1MQ4y1v7MV,8,0.26984127,0,0.095238095,0.158730159,0.142857143,0.333333333
BV1MQ4y1v7MV,9,0.26984127,0,0.095238095,0.158730159,0.142857143,0.333333333
BV1MQ4y1v7MV,10,0.141025641,0.038461538,0.128205128,0.064102564,0.243589744,0.384615385
BV1MQ4y1v7MV,11,0.141025641,0.038461538,0.128205128,0.064102564,0.243589744,0.384615385
BV1MQ4y1v7MV,12,0.141025641,0.038461538,0.128205128,0.064102564,0.243589744,0.384615385
BV1MQ4y1v7MV,13,0.141025641,0.038461538,0.128205128,0.064102564,0.243589744,0.384615385
BV1MQ4y1v7MV,14,0.141025641,0.038461538,0.128205128,0.064102564,0.243589744,0.384615385
BV1MQ4y1v7MV,15,0.267605634,0.028169014,0.084507042,0.112676056,0.112676056,0.394366197
BV1MQ4y1v7MV,16,0.267605634,0.028169014,0.084507042,0.112676056,0.112676056,0.394366197
BV1MQ4y1v7MV,17,0.267605634,0.028169014,0.084507042,0.112676056,0.112676056,0.394366197
BV1MQ4y1v7MV,18,0.267605634,0.028169014,0.084507042,0.112676056,0.112676056,0.394366197
BV1MQ4y1v7MV,19,0.267605634,0.028169014,0.084507042,0.112676056,0.112676056,0.394366197
BV1MQ4y1v7MV,20,0.177419355,0,0.064516129,0.193548387,0.080645161,0.483870968
BV1MQ4y1v7MV,21,0.177419355,0,0.064516129,0.193548387,0.080645161,0.483870968
BV1MQ4y1v7MV,22,0.177419355,0,0.064516129,0.193548387,0.080645161,0.483870968
BV1MQ4y1v7MV,23,0.177419355,0,0.064516129,0.193548387,0.080645161,0.483870968
BV1MQ4y1v7MV,24,0.177419355,0,0.064516129,0.193548387,0.080645161,0.483870968
BV1MQ4y1v7MV,25,0.176470588,0.058823529,0.044117647,0.147058824,0.088235294,0.485294118
BV1MQ4y1v7MV,26,0.176470588,0.058823529,0.044117647,0.147058824,0.088235294,0.485294118
BV1MQ4y1v7MV,27,0.176470588,0.058823529,0.044117647,0.147058824,0.088235294,0.485294118
BV1MQ4y1v7MV,28,0.176470588,0.058823529,0.044117647,0.147058824,0.088235294,0.485294118
BV1MQ4y1v7MV,29,0.176470588,0.058823529,0.044117647,0.147058824,0.088235294,0.485294118
BV1MQ4y1v7MV,30,0.106060606,0.045454545,0.03030303,0.106060606,0.166666667,0.545454545
BV1MQ4y1v7MV,31,0.106060606,0.045454545,0.03030303,0.106060606,0.166666667,0.545454545
BV1MQ4y1v7MV,32,0.106060606,0.045454545,0.03030303,0.106060606,0.166666667,0.545454545
BV1MQ4y1v7MV,33,0.106060606,0.045454545,0.03030303,0.106060606,0.166666667,0.545454545
BV1MQ4y1v7MV,34,0.106060606,0.045454545,0.03030303,0.106060606,0.166666667,0.545454545
BV1MQ4y1v7MV,35,0.271186441,0.033898305,0.050847458,0.050847458,0.084745763,0.508474576
BV1MQ4y1v7MV,36,0.271186441,0.033898305,0.050847458,0.050847458,0.084745763,0.508474576
BV1MQ4y1v7MV,37,0.271186441,0.033898305,0.050847458,0.050847458,0.084745763,0.508474576
BV1MQ4y1v7MV,38,0.271186441,0.033898305,0.050847458,0.050847458,0.084745763,0.508474576
BV1MQ4y1v7MV,39,0.271186441,0.033898305,0.050847458,0.050847458,0.084745763,0.508474576
BV1MQ4y1v7MV,40,0.092307692,0.030769231,0.030769231,0.2,0.138461538,0.507692308
BV1MQ4y1v7MV,41,0.092307692,0.030769231,0.030769231,0.2,0.138461538,0.507692308
BV1MQ4y1v7MV,42,0.092307692,0.030769231,0.030769231,0.2,0.138461538,0.507692308
BV1MQ4y1v7MV,43,0.092307692,0.030769231,0.030769231,0.2,0.138461538,0.507692308
BV1MQ4y1v7MV,44,0.092307692,0.030769231,0.030769231,0.2,0.138461538,0.507692308
BV1MQ4y1v7MV,45,0.217391304,0,0.072463768,0.173913043,0.072463768,0.463768116
BV1MQ4y1v7MV,46,0.217391304,0,0.072463768,0.173913043,0.072463768,0.463768116
BV1MQ4y1v7MV,47,0.217391304,0,0.072463768,0.173913043,0.072463768,0.463768116
BV1MQ4y1v7MV,48,0.217391304,0,0.072463768,0.173913043,0.072463768,0.463768116
BV1MQ4y1v7MV,49,0.217391304,0,0.072463768,0.173913043,0.072463768,0.463768116
BV1MQ4y1v7MV,50,0.150684932,0,0.068493151,0.260273973,0.068493151,0.452054795
BV1MQ4y1v7MV,51,0.150684932,0,0.068493151,0.260273973,0.068493151,0.452054795
BV1MQ4y1v7MV,52,0.150684932,0,0.068493151,0.260273973,0.068493151,0.452054795
BV1MQ4y1v7MV,53,0.150684932,0,0.068493151,0.260273973,0.068493151,0.452054795
BV1MQ4y1v7MV,54,0.150684932,0,0.068493151,0.260273973,0.068493151,0.452054795
BV1MQ4y1v7MV,55,0.161764706,0,0.088235294,0.235294118,0.088235294,0.426470588
BV1MQ4y1v7MV,56,0.161764706,0,0.088235294,0.235294118,0.088235294,0.426470588
BV1MQ4y1v7MV,57,0.161764706,0,0.088235294,0.235294118,0.088235294,0.426470588
BV1MQ4y1v7MV,58,0.161764706,0,0.088235294,0.235294118,0.088235294,0.426470588
BV1MQ4y1v7MV,59,0.161764706,0,0.088235294,0.235294118,0.088235294,0.426470588
BV1MQ4y1v7MV,60,0.169014085,0,0.098591549,0.098591549,0.225352113,0.408450704
BV1MQ4y1v7MV,61,0.169014085,0,0.098591549,0.098591549,0.225352113,0.408450704
BV1MQ4y1v7MV,62,0.169014085,0,0.098591549,0.098591549,0.225352113,0.408450704
BV1MQ4y1v7MV,63,0.169014085,0,0.098591549,0.098591549,0.225352113,0.408450704
BV1MQ4y1v7MV,64,0.169014085,0,0.098591549,0.098591549,0.225352113,0.408450704
BV1MQ4y1v7MV,65,0.189873418,0.012658228,0.126582278,0.151898734,0.17721519,0.341772152
BV1MQ4y1v7MV,66,0.189873418,0.012658228,0.126582278,0.151898734,0.17721519,0.341772152
BV1MQ4y1v7MV,67,0.189873418,0.012658228,0.126582278,0.151898734,0.17721519,0.341772152
BV1MQ4y1v7MV,68,0.189873418,0.012658228,0.126582278,0.151898734,0.17721519,0.341772152
BV1MQ4y1v7MV,69,0.189873418,0.012658228,0.126582278,0.151898734,0.17721519,0.341772152
BV1MQ4y1v7MV,70,0.194444444,0.083333333,0.097222222,0.138888889,0.125,0.361111111
BV1MQ4y1v7MV,71,0.194444444,0.083333333,0.097222222,0.138888889,0.125,0.361111111
BV1MQ4y1v7MV,72,0.194444444,0.083333333,0.097222222,0.138888889,0.125,0.361111111
BV1MQ4y1v7MV,73,0.194444444,0.083333333,0.097222222,0.138888889,0.125,0.361111111
BV1MQ4y1v7MV,74,0.194444444,0.083333333,0.097222222,0.138888889,0.125,0.361111111
BV1MQ4y1v7MV,75,0.203125,0.046875,0.21875,0.0625,0.140625,0.328125
BV1MQ4y1v7MV,76,0.203125,0.046875,0.21875,0.0625,0.140625,0.328125
BV1MQ4y1v7MV,77,0.203125,0.046875,0.21875,0.0625,0.140625,0.328125
BV1MQ4y1v7MV,78,0.203125,0.046875,0.21875,0.0625,0.140625,0.328125
BV1MQ4y1v7MV,79,0.203125,0.046875,0.21875,0.0625,0.140625,0.328125
BV1MQ4y1v7MV,80,0.376811594,0.072463768,0.15942029,0.043478261,0.101449275,0.246376812
BV1MQ4y1v7MV,81,0.376811594,0.072463768,0.15942029,0.043478261,0.101449275,0.246376812
BV1MQ4y1v7MV,82,0.376811594,0.072463768,0.15942029,0.043478261,0.101449275,0.246376812
BV1MQ4y1v7MV,83,0.376811594,0.072463768,0.15942029,0.043478261,0.101449275,0.246376812
BV1MQ4y1v7MV,84,0.376811594,0.072463768,0.15942029,0.043478261,0.101449275,0.246376812
BV1MQ4y1v7MV,85,0.259259259,0.098765432,0.111111111,0.037037037,0.086419753,0.407407407
BV1MQ4y1v7MV,86,0.259259259,0.098765432,0.111111111,0.037037037,0.086419753,0.407407407
BV1MQ4y1v7MV,87,0.259259259,0.098765432,0.111111111,0.037037037,0.086419753,0.407407407
BV1MQ4y1v7MV,88,0.259259259,0.098765432,0.111111111,0.037037037,0.086419753,0.407407407
BV1MQ4y1v7MV,89,0.259259259,0.098765432,0.111111111,0.037037037,0.086419753,0.407407407
BV1MQ4y1v7MV,90,0.328947368,0.065789474,0.105263158,0.078947368,0.078947368,0.342105263
BV1MQ4y1v7MV,91,0.328947368,0.065789474,0.105263158,0.078947368,0.078947368,0.342105263
BV1MQ4y1v7MV,92,0.328947368,0.065789474,0.105263158,0.078947368,0.078947368,0.342105263
BV1MQ4y1v7MV,93,0.328947368,0.065789474,0.105263158,0.078947368,0.078947368,0.342105263
BV1MQ4y1v7MV,94,0.328947368,0.065789474,0.105263158,0.078947368,0.078947368,0.342105263
BV1MQ4y1v7MV,95,0.305882353,0.082352941,0.141176471,0.023529412,0.094117647,0.352941176
BV1MQ4y1v7MV,96,0.305882353,0.082352941,0.141176471,0.023529412,0.094117647,0.352941176
BV1MQ4y1v7MV,97,0.305882353,0.082352941,0.141176471,0.023529412,0.094117647,0.352941176
BV1MQ4y1v7MV,98,0.305882353,0.082352941,0.141176471,0.023529412,0.094117647,0.352941176
BV1MQ4y1v7MV,99,0.305882353,0.082352941,0.141176471,0.023529412,0.094117647,0.352941176
BV1MQ4y1v7MV,100,0.341176471,0.035294118,0.058823529,0.058823529,0.141176471,0.364705882
BV1MQ4y1v7MV,101,0.341176471,0.035294118,0.058823529,0.058823529,0.141176471,0.364705882
BV1MQ4y1v7MV,102,0.341176471,0.035294118,0.058823529,0.058823529,0.141176471,0.364705882
BV1MQ4y1v7MV,103,0.341176471,0.035294118,0.058823529,0.058823529,0.141176471,0.364705882
BV1MQ4y1v7MV,104,0.341176471,0.035294118,0.058823529,0.058823529,0.141176471,0.364705882
BV1MQ4y1v7MV,105,0.205882353,0.044117647,0.102941176,0.132352941,0.176470588,0.338235294
BV1MQ4y1v7MV,106,0.205882353,0.044117647,0.102941176,0.132352941,0.176470588,0.338235294
BV1MQ4y1v7MV,107,0.205882353,0.044117647,0.102941176,0.132352941,0.176470588,0.338235294
BV1MQ4y1v7MV,108,0.205882353,0.044117647,0.102941176,0.132352941,0.176470588,0.338235294
BV1MQ4y1v7MV,109,0.205882353,0.044117647,0.102941176,0.132352941,0.176470588,0.338235294
BV1MQ4y1v7MV,110,0.2,0.129411765,0.152941176,0.094117647,0.188235294,0.235294118
BV1MQ4y1v7MV,111,0.2,0.129411765,0.152941176,0.094117647,0.188235294,0.235294118
BV1MQ4y1v7MV,112,0.2,0.129411765,0.152941176,0.094117647,0.188235294,0.235294118
BV1MQ4y1v7MV,113,0.2,0.129411765,0.152941176,0.094117647,0.188235294,0.235294118
BV1MQ4y1v7MV,114,0.2,0.129411765,0.152941176,0.094117647,0.188235294,0.235294118
BV1MQ4y1v7MV,115,0.320754717,0.075471698,0.150943396,0.113207547,0.113207547,0.226415094
BV1MQ4y1v7MV,116,0.320754717,0.075471698,0.150943396,0.113207547,0.113207547,0.226415094
BV1MQ4y1v7MV,117,0.320754717,0.075471698,0.150943396,0.113207547,0.113207547,0.226415094
BV1MQ4y1v7MV,118,0.320754717,0.075471698,0.150943396,0.113207547,0.113207547,0.226415094
BV1MQ4y1v7MV,119,0.320754717,0.075471698,0.150943396,0.113207547,0.113207547,0.226415094
BV1MQ4y1v7MV,120,0.307692308,0.038461538,0.115384615,0.153846154,0.192307692,0.192307692
BV1MQ4y1v7MV,121,0.307692308,0.038461538,0.115384615,0.153846154,0.192307692,0.192307692
BV1MQ4y1v7MV,122,0.307692308,0.038461538,0.115384615,0.153846154,0.192307692,0.192307692
BV1MQ4y1v7MV,123,0.307692308,0.038461538,0.115384615,0.153846154,0.192307692,0.192307692
BV1MQ4y1v7MV,124,0.307692308,0.038461538,0.115384615,0.153846154,0.192307692,0.192307692
BV1MQ4y1v7MV,125,0.260869565,0.086956522,0.304347826,0.043478261,0.173913043,0.130434783
BV1MQ4y1v7MV,126,0.260869565,0.086956522,0.304347826,0.043478261,0.173913043,0.130434783
BV1MQ4y1v7MV,127,0.260869565,0.086956522,0.304347826,0.043478261,0.173913043,0.130434783
BV1MQ4y1v7MV,128,0.260869565,0.086956522,0.304347826,0.043478261,0.173913043,0.130434783
BV1MQ4y1v7MV,129,0.260869565,0.086956522,0.304347826,0.043478261,0.173913043,0.130434783
BV1Js4114794,0,0.217391304,0,0.195652174,0.152173913,0.413043478,0.02173913
BV1Js4114794,1,0.217391304,0,0.195652174,0.152173913,0.413043478,0.02173913
BV1Js4114794,2,0.217391304,0,0.195652174,0.152173913,0.413043478,0.02173913
BV1Js4114794,3,0.217391304,0,0.195652174,0.152173913,0.413043478,0.02173913
BV1Js4114794,4,0.217391304,0,0.195652174,0.152173913,0.413043478,0.02173913
BV1Js4114794,5,0.129032258,0.096774194,0.177419355,0.112903226,0.419354839,0.064516129
BV1Js4114794,6,0.129032258,0.096774194,0.177419355,0.112903226,0.419354839,0.064516129
BV1Js4114794,7,0.129032258,0.096774194,0.177419355,0.112903226,0.419354839,0.064516129
BV1Js4114794,8,0.129032258,0.096774194,0.177419355,0.112903226,0.419354839,0.064516129
BV1Js4114794,9,0.129032258,0.096774194,0.177419355,0.112903226,0.419354839,0.064516129
BV1Js4114794,10,0.137254902,0.098039216,0.352941176,0.039215686,0.37254902,0
BV1Js4114794,11,0.137254902,0.098039216,0.352941176,0.039215686,0.37254902,0
BV1Js4114794,12,0.137254902,0.098039216,0.352941176,0.039215686,0.37254902,0
BV1Js4114794,13,0.137254902,0.098039216,0.352941176,0.039215686,0.37254902,0
BV1Js4114794,14,0.137254902,0.098039216,0.352941176,0.039215686,0.37254902,0
BV1Js4114794,15,0.270833333,0.041666667,0.208333333,0.0625,0.354166667,0.0625
BV1Js4114794,16,0.270833333,0.041666667,0.208333333,0.0625,0.354166667,0.0625
BV1Js4114794,17,0.270833333,0.041666667,0.208333333,0.0625,0.354166667,0.0625
BV1Js4114794,18,0.270833333,0.041666667,0.208333333,0.0625,0.354166667,0.0625
BV1Js4114794,19,0.270833333,0.041666667,0.208333333,0.0625,0.354166667,0.0625
BV1Js4114794,20,0.232142857,0.071428571,0.321428571,0.107142857,0.214285714,0.053571429
BV1Js4114794,21,0.232142857,0.071428571,0.321428571,0.107142857,0.214285714,0.053571429
BV1Js4114794,22,0.232142857,0.071428571,0.321428571,0.107142857,0.214285714,0.053571429
BV1Js4114794,23,0.232142857,0.071428571,0.321428571,0.107142857,0.214285714,0.053571429
BV1Js4114794,24,0.232142857,0.071428571,0.321428571,0.107142857,0.214285714,0.053571429
BV1Js4114794,25,0.188679245,0.037735849,0.245283019,0.075471698,0.396226415,0.056603774
BV1Js4114794,26,0.188679245,0.037735849,0.245283019,0.075471698,0.396226415,0.056603774
BV1Js4114794,27,0.188679245,0.037735849,0.245283019,0.075471698,0.396226415,0.056603774
BV1Js4114794,28,0.188679245,0.037735849,0.245283019,0.075471698,0.396226415,0.056603774
BV1Js4114794,29,0.188679245,0.037735849,0.245283019,0.075471698,0.396226415,0.056603774
BV1Js4114794,30,0.1875,0.0625,0.1875,0.0625,0.458333333,0.041666667
BV1Js4114794,31,0.1875,0.0625,0.1875,0.0625,0.458333333,0.041666667
BV1Js4114794,32,0.1875,0.0625,0.1875,0.0625,0.458333333,0.041666667
BV1Js4114794,33,0.1875,0.0625,0.1875,0.0625,0.458333333,0.041666667
BV1Js4114794,34,0.1875,0.0625,0.1875,0.0625,0.458333333,0.041666667
BV1Js4114794,35,0.285714286,0.028571429,0.142857143,0.057142857,0.342857143,0.142857143
BV1Js4114794,36,0.285714286,0.028571429,0.142857143,0.057142857,0.342857143,0.142857143
BV1Js4114794,37,0.285714286,0.028571429,0.142857143,0.057142857,0.342857143,0.142857143
BV1Js4114794,38,0.285714286,0.028571429,0.142857143,0.057142857,0.342857143,0.142857143
BV1Js4114794,39,0.285714286,0.028571429,0.142857143,0.057142857,0.342857143,0.142857143
BV1Js4114794,40,0.285714286,0.095238095,0.142857143,0.095238095,0.380952381,0
BV1Js4114794,41,0.285714286,0.095238095,0.142857143,0.095238095,0.380952381,0
BV1Js4114794,42,0.285714286,0.095238095,0.142857143,0.095238095,0.380952381,0
BV1Js4114794,43,0.285714286,0.095238095,0.142857143,0.095238095,0.380952381,0
BV1Js4114794,44,0.285714286,0.095238095,0.142857143,0.095238095,0.380952381,0
BV1Js4114794,45,0.421052632,0.105263158,0.105263158,0.105263158,0.263157895,0
BV1Js4114794,46,0.421052632,0.105263158,0.105263158,0.105263158,0.263157895,0
BV1Js4114794,47,0.421052632,0.105263158,0.105263158,0.105263158,0.263157895,0
BV1Js4114794,48,0.421052632,0.105263158,0.105263158,0.105263158,0.263157895,0
BV1Js4114794,49,0.421052632,0.105263158,0.105263158,0.105263158,0.263157895,0
BV1Js4114794,50,0.285714286,0.071428571,0.214285714,0.071428571,0.285714286,0.071428571
BV1Js4114794,51,0.285714286,0.071428571,0.214285714,0.071428571,0.285714286,0.071428571
BV1Js4114794,52,0.285714286,0.071428571,0.214285714,0.071428571,0.285714286,0.071428571
BV1Js4114794,53,0.285714286,0.071428571,0.214285714,0.071428571,0.285714286,0.071428571
BV1Js4114794,54,0.285714286,0.071428571,0.214285714,0.071428571,0.285714286,0.071428571
BV1Js4114794,55,0.19047619,0,0.476190476,0.047619048,0.238095238,0.047619048
BV1Js4114794,56,0.19047619,0,0.476190476,0.047619048,0.238095238,0.047619048
BV1Js4114794,57,0.19047619,0,0.476190476,0.047619048,0.238095238,0.047619048
BV1Js4114794,58,0.19047619,0,0.476190476,0.047619048,0.238095238,0.047619048
BV1Js4114794,59,0.19047619,0,0.476190476,0.047619048,0.238095238,0.047619048
BV1Js4114794,60,0.25,0.025,0.325,0.025,0.275,0.1
BV1Js4114794,61,0.25,0.025,0.325,0.025,0.275,0.1
BV1Js4114794,62,0.25,0.025,0.325,0.025,0.275,0.1
BV1Js4114794,63,0.25,0.025,0.325,0.025,0.275,0.1
BV1Js4114794,64,0.25,0.025,0.325,0.025,0.275,0.1
BV1Js4114794,65,0.229166667,0.020833333,0.25,0.083333333,0.395833333,0.020833333
BV1Js4114794,66,0.229166667,0.020833333,0.25,0.083333333,0.395833333,0.020833333
BV1Js4114794,67,0.229166667,0.020833333,0.25,0.083333333,0.395833333,0.020833333
BV1Js4114794,68,0.229166667,0.020833333,0.25,0.083333333,0.395833333,0.020833333
BV1Js4114794,69,0.229166667,0.020833333,0.25,0.083333333,0.395833333,0.020833333
BV1Js4114794,70,0.352941176,0.058823529,0.205882353,0.029411765,0.264705882,0.088235294
BV1Js4114794,71,0.352941176,0.058823529,0.205882353,0.029411765,0.264705882,0.088235294
BV1Js4114794,72,0.352941176,0.058823529,0.205882353,0.029411765,0.264705882,0.088235294
BV1Js4114794,73,0.352941176,0.058823529,0.205882353,0.029411765,0.264705882,0.088235294
BV1Js4114794,74,0.352941176,0.058823529,0.205882353,0.029411765,0.264705882,0.088235294
BV1Js4114794,75,0.466666667,0.066666667,0.066666667,0.066666667,0.266666667,0.066666667
BV1Js4114794,76,0.466666667,0.066666667,0.066666667,0.066666667,0.266666667,0.066666667
BV1Js4114794,77,0.466666667,0.066666667,0.066666667,0.066666667,0.266666667,0.066666667
BV1Js4114794,78,0.466666667,0.066666667,0.066666667,0.066666667,0.266666667,0.066666667
BV1Js4114794,79,0.466666667,0.066666667,0.066666667,0.066666667,0.266666667,0.066666667
BV1Js4114794,80,0.407407407,0.074074074,0.185185185,0.111111111,0.222222222,0
BV1Js4114794,81,0.407407407,0.074074074,0.185185185,0.111111111,0.222222222,0
BV1Js4114794,82,0.407407407,0.074074074,0.185185185,0.111111111,0.222222222,0
BV1Js4114794,83,0.407407407,0.074074074,0.185185185,0.111111111,0.222222222,0
BV1Js4114794,84,0.407407407,0.074074074,0.185185185,0.111111111,0.222222222,0
BV1Js4114794,85,0.470588235,0,0.117647059,0.058823529,0.323529412,0.029411765
BV1Js4114794,86,0.470588235,0,0.117647059,0.058823529,0.323529412,0.029411765
BV1Js4114794,87,0.470588235,0,0.117647059,0.058823529,0.323529412,0.029411765
BV1Js4114794,88,0.470588235,0,0.117647059,0.058823529,0.323529412,0.029411765
BV1Js4114794,89,0.470588235,0,0.117647059,0.058823529,0.323529412,0.029411765
BV1Js4114794,90,0.466666667,0.033333333,0.366666667,0,0.133333333,0
BV1Js4114794,91,0.466666667,0.033333333,0.366666667,0,0.133333333,0
BV1Js4114794,92,0.466666667,0.033333333,0.366666667,0,0.133333333,0
BV1Js4114794,93,0.466666667,0.033333333,0.366666667,0,0.133333333,0
BV1Js4114794,94,0.466666667,0.033333333,0.366666667,0,0.133333333,0
BV1Js4114794,95,0.307692308,0.076923077,0.423076923,0,0.192307692,0
BV1Js4114794,96,0.307692308,0.076923077,0.423076923,0,0.192307692,0
BV1Js4114794,97,0.307692308,0.076923077,0.423076923,0,0.192307692,0
BV1Js4114794,98,0.307692308,0.076923077,0.423076923,0,0.192307692,0
BV1Js4114794,99,0.307692308,0.076923077,0.423076923,0,0.192307692,0
BV1Js4114794,100,0.228571429,0.057142857,0.142857143,0.085714286,0.457142857,0.028571429
BV1Js4114794,101,0.228571429,0.057142857,0.142857143,0.085714286,0.457142857,0.028571429
BV1Js4114794,102,0.228571429,0.057142857,0.142857143,0.085714286,0.457142857,0.028571429
BV1Js4114794,103,0.228571429,0.057142857,0.142857143,0.085714286,0.457142857,0.028571429
BV1Js4114794,104,0.228571429,0.057142857,0.142857143,0.085714286,0.457142857,0.028571429
BV1Js4114794,105,0.380952381,0,0.142857143,0.047619048,0.380952381,0.047619048
BV1Js4114794,106,0.380952381,0,0.142857143,0.047619048,0.380952381,0.047619048
BV1Js4114794,107,0.380952381,0,0.142857143,0.047619048,0.380952381,0.047619048
BV1Js4114794,108,0.380952381,0,0.142857143,0.047619048,0.380952381,0.047619048
BV1Js4114794,109,0.380952381,0,0.142857143,0.047619048,0.380952381,0.047619048
BV1Js4114794,110,0.176470588,0.176470588,0.176470588,0.058823529,0.294117647,0.117647059
BV1Js4114794,111,0.176470588,0.176470588,0.176470588,0.058823529,0.294117647,0.117647059
BV1Js4114794,112,0.176470588,0.176470588,0.176470588,0.058823529,0.294117647,0.117647059
BV1Js4114794,113,0.176470588,0.176470588,0.176470588,0.058823529,0.294117647,0.117647059
BV1Js4114794,114,0.176470588,0.176470588,0.176470588,0.058823529,0.294117647,0.117647059
BV1Js4114794,115,0.235294118,0.058823529,0.235294118,0,0.470588235,0
BV1Js4114794,116,0.235294118,0.058823529,0.235294118,0,0.470588235,0
BV1Js4114794,117,0.235294118,0.058823529,0.235294118,0,0.470588235,0
BV1Js4114794,118,0.235294118,0.058823529,0.235294118,0,0.470588235,0
BV1Js4114794,119,0.235294118,0.058823529,0.235294118,0,0.470588235,0
BV1Js4114794,120,0.230769231,0.076923077,0.230769231,0,0.307692308,0.153846154
BV1Js4114794,121,0.230769231,0.076923077,0.230769231,0,0.307692308,0.153846154
BV1Js4114794,122,0.230769231,0.076923077,0.230769231,0,0.307692308,0.153846154
BV1Js4114794,123,0.230769231,0.076923077,0.230769231,0,0.307692308,0.153846154
BV1Js4114794,124,0.230769231,0.076923077,0.230769231,0,0.307692308,0.153846154
BV1Js4114794,125,0.296296296,0.37037037,0.111111111,0,0.111111111,0.111111111
BV1Js4114794,126,0.296296296,0.37037037,0.111111111,0,0.111111111,0.111111111
BV1Js4114794,127,0.296296296,0.37037037,0.111111111,0,0.111111111,0.111111111
BV1Js4114794,128,0.296296296,0.37037037,0.111111111,0,0.111111111,0.111111111
BV1Js4114794,129,0.296296296,0.37037037,0.111111111,0,0.111111111,0.111111111
BV1Js4114794,130,0.245283019,0.301886792,0.20754717,0.094339623,0.094339623,0.056603774
BV1Js4114794,131,0.245283019,0.301886792,0.20754717,0.094339623,0.094339623,0.056603774
BV1Js4114794,132,0.245283019,0.301886792,0.20754717,0.094339623,0.094339623,0.056603774
BV1Js4114794,133,0.245283019,0.301886792,0.20754717,0.094339623,0.094339623,0.056603774
BV1Js4114794,134,0.245283019,0.301886792,0.20754717,0.094339623,0.094339623,0.056603774
BV1Js4114794,135,0.180327869,0.213114754,0.147540984,0.081967213,0.31147541,0.06557377
BV1Js4114794,136,0.180327869,0.213114754,0.147540984,0.081967213,0.31147541,0.06557377
BV1Js4114794,137,0.180327869,0.213114754,0.147540984,0.081967213,0.31147541,0.06557377
BV1Js4114794,138,0.180327869,0.213114754,0.147540984,0.081967213,0.31147541,0.06557377
BV1Js4114794,139,0.180327869,0.213114754,0.147540984,0.081967213,0.31147541,0.06557377
BV1Js4114794,140,0.282051282,0.128205128,0.128205128,0.076923077,0.333333333,0.051282051
BV1Js4114794,141,0.282051282,0.128205128,0.128205128,0.076923077,0.333333333,0.051282051
BV1Js4114794,142,0.282051282,0.128205128,0.128205128,0.076923077,0.333333333,0.051282051
BV1Js4114794,143,0.282051282,0.128205128,0.128205128,0.076923077,0.333333333,0.051282051
BV1Js4114794,144,0.282051282,0.128205128,0.128205128,0.076923077,0.333333333,0.051282051
BV1Js4114794,145,0.239130435,0.108695652,0.195652174,0.043478261,0.347826087,0.065217391
BV1Js4114794,146,0.239130435,0.108695652,0.195652174,0.043478261,0.347826087,0.065217391
BV1Js4114794,147,0.239130435,0.108695652,0.195652174,0.043478261,0.347826087,0.065217391
BV1Js4114794,148,0.239130435,0.108695652,0.195652174,0.043478261,0.347826087,0.065217391
BV1Js4114794,149,0.239130435,0.108695652,0.195652174,0.043478261,0.347826087,0.065217391
BV1Js4114794,150,0.243243243,0.216216216,0.108108108,0.081081081,0.324324324,0.027027027
BV1Js4114794,151,0.243243243,0.216216216,0.108108108,0.081081081,0.324324324,0.027027027
BV1Js4114794,152,0.243243243,0.216216216,0.108108108,0.081081081,0.324324324,0.027027027
BV1Js4114794,153,0.243243243,0.216216216,0.108108108,0.081081081,0.324324324,0.027027027
BV1Js4114794,154,0.243243243,0.216216216,0.108108108,0.081081081,0.324324324,0.027027027
BV1ps411d7Ed,0,0.541666667,0.083333333,0.097222222,0.069444444,0.111111111,0.097222222
BV1ps411d7Ed,1,0.541666667,0.083333333,0.097222222,0.069444444,0.111111111,0.097222222
BV1ps411d7Ed,2,0.541666667,0.083333333,0.097222222,0.069444444,0.111111111,0.097222222
BV1ps411d7Ed,3,0.541666667,0.083333333,0.097222222,0.069444444,0.111111111,0.097222222
BV1ps411d7Ed,4,0.541666667,0.083333333,0.097222222,0.069444444,0.111111111,0.097222222
BV1ps411d7Ed,5,0.52173913,0.072463768,0.086956522,0.086956522,0.130434783,0.101449275
BV1ps411d7Ed,6,0.52173913,0.072463768,0.086956522,0.086956522,0.130434783,0.101449275
BV1ps411d7Ed,7,0.52173913,0.072463768,0.086956522,0.086956522,0.130434783,0.101449275
BV1ps411d7Ed,8,0.52173913,0.072463768,0.086956522,0.086956522,0.130434783,0.101449275
BV1ps411d7Ed,9,0.52173913,0.072463768,0.086956522,0.086956522,0.130434783,0.101449275
BV1ps411d7Ed,10,0.597402597,0.051948052,0.090909091,0.077922078,0.116883117,0.064935065
BV1ps411d7Ed,11,0.597402597,0.051948052,0.090909091,0.077922078,0.116883117,0.064935065
BV1ps411d7Ed,12,0.597402597,0.051948052,0.090909091,0.077922078,0.116883117,0.064935065
BV1ps411d7Ed,13,0.597402597,0.051948052,0.090909091,0.077922078,0.116883117,0.064935065
BV1ps411d7Ed,14,0.597402597,0.051948052,0.090909091,0.077922078,0.116883117,0.064935065
BV1ps411d7Ed,15,0.538461538,0.076923077,0.184615385,0.030769231,0.076923077,0.092307692
BV1ps411d7Ed,16,0.538461538,0.076923077,0.184615385,0.030769231,0.076923077,0.092307692
BV1ps411d7Ed,17,0.538461538,0.076923077,0.184615385,0.030769231,0.076923077,0.092307692
BV1ps411d7Ed,18,0.538461538,0.076923077,0.184615385,0.030769231,0.076923077,0.092307692
BV1ps411d7Ed,19,0.538461538,0.076923077,0.184615385,0.030769231,0.076923077,0.092307692
BV1ps411d7Ed,20,0.5,0.112903226,0.193548387,0.048387097,0.096774194,0.048387097
BV1ps411d7Ed,21,0.5,0.112903226,0.193548387,0.048387097,0.096774194,0.048387097
BV1ps411d7Ed,22,0.5,0.112903226,0.193548387,0.048387097,0.096774194,0.048387097
BV1ps411d7Ed,23,0.5,0.112903226,0.193548387,0.048387097,0.096774194,0.048387097
BV1ps411d7Ed,24,0.5,0.112903226,0.193548387,0.048387097,0.096774194,0.048387097
BV1ps411d7Ed,25,0.651515152,0.060606061,0.075757576,0.106060606,0.045454545,0.060606061
BV1ps411d7Ed,26,0.651515152,0.060606061,0.075757576,0.106060606,0.045454545,0.060606061
BV1ps411d7Ed,27,0.651515152,0.060606061,0.075757576,0.106060606,0.045454545,0.060606061
BV1ps411d7Ed,28,0.651515152,0.060606061,0.075757576,0.106060606,0.045454545,0.060606061
BV1ps411d7Ed,29,0.651515152,0.060606061,0.075757576,0.106060606,0.045454545,0.060606061
BV1ps411d7Ed,30,0.553571429,0.125,0.125,0.035714286,0.142857143,0.017857143
BV1ps411d7Ed,31,0.553571429,0.125,0.125,0.035714286,0.142857143,0.017857143
BV1ps411d7Ed,32,0.553571429,0.125,0.125,0.035714286,0.142857143,0.017857143
BV1ps411d7Ed,33,0.553571429,0.125,0.125,0.035714286,0.142857143,0.017857143
BV1ps411d7Ed,34,0.553571429,0.125,0.125,0.035714286,0.142857143,0.017857143
BV1ps411d7Ed,35,0.431372549,0.058823529,0.215686275,0,0.176470588,0.117647059
BV1ps411d7Ed,36,0.431372549,0.058823529,0.215686275,0,0.176470588,0.117647059
BV1ps411d7Ed,37,0.431372549,0.058823529,0.215686275,0,0.176470588,0.117647059
BV1ps411d7Ed,38,0.431372549,0.058823529,0.215686275,0,0.176470588,0.117647059
BV1ps411d7Ed,39,0.431372549,0.058823529,0.215686275,0,0.176470588,0.117647059
BV1ps411d7Ed,40,0.474576271,0.152542373,0.203389831,0.016949153,0.152542373,0
BV1ps411d7Ed,41,0.474576271,0.152542373,0.203389831,0.016949153,0.152542373,0
BV1ps411d7Ed,42,0.474576271,0.152542373,0.203389831,0.016949153,0.152542373,0
BV1ps411d7Ed,43,0.474576271,0.152542373,0.203389831,0.016949153,0.152542373,0
BV1ps411d7Ed,44,0.474576271,0.152542373,0.203389831,0.016949153,0.152542373,0
BV1ps411d7Ed,45,0.230769231,0.353846154,0.230769231,0.015384615,0.138461538,0.030769231
BV1ps411d7Ed,46,0.230769231,0.353846154,0.230769231,0.015384615,0.138461538,0.030769231
BV1ps411d7Ed,47,0.230769231,0.353846154,0.230769231,0.015384615,0.138461538,0.030769231
BV1ps411d7Ed,48,0.230769231,0.353846154,0.230769231,0.015384615,0.138461538,0.030769231
BV1ps411d7Ed,49,0.230769231,0.353846154,0.230769231,0.015384615,0.138461538,0.030769231
BV1ps411d7Ed,50,0.340425532,0.319148936,0.191489362,0.021276596,0.063829787,0.063829787
BV1ps411d7Ed,51,0.340425532,0.319148936,0.191489362,0.021276596,0.063829787,0.063829787
BV1ps411d7Ed,52,0.340425532,0.319148936,0.191489362,0.021276596,0.063829787,0.063829787
BV1ps411d7Ed,53,0.340425532,0.319148936,0.191489362,0.021276596,0.063829787,0.063829787
BV1ps411d7Ed,54,0.340425532,0.319148936,0.191489362,0.021276596,0.063829787,0.063829787
BV1ps411d7Ed,55,0.41509434,0.245283019,0.150943396,0.018867925,0.113207547,0.056603774
BV1ps411d7Ed,56,0.41509434,0.245283019,0.150943396,0.018867925,0.113207547,0.056603774
BV1ps411d7Ed,57,0.41509434,0.245283019,0.150943396,0.018867925,0.113207547,0.056603774
BV1ps411d7Ed,58,0.41509434,0.245283019,0.150943396,0.018867925,0.113207547,0.056603774
BV1ps411d7Ed,59,0.41509434,0.245283019,0.150943396,0.018867925,0.113207547,0.056603774
BV1ps411d7Ed,60,0.413793103,0.275862069,0.206896552,0.017241379,0.068965517,0.017241379
BV1ps411d7Ed,61,0.413793103,0.275862069,0.206896552,0.017241379,0.068965517,0.017241379
BV1ps411d7Ed,62,0.413793103,0.275862069,0.206896552,0.017241379,0.068965517,0.017241379
BV1ps411d7Ed,63,0.413793103,0.275862069,0.206896552,0.017241379,0.068965517,0.017241379
BV1ps411d7Ed,64,0.413793103,0.275862069,0.206896552,0.017241379,0.068965517,0.017241379
BV1ps411d7Ed,65,0.294117647,0.25,0.147058824,0.058823529,0.176470588,0.073529412
BV1ps411d7Ed,66,0.294117647,0.25,0.147058824,0.058823529,0.176470588,0.073529412
BV1ps411d7Ed,67,0.294117647,0.25,0.147058824,0.058823529,0.176470588,0.073529412
BV1ps411d7Ed,68,0.294117647,0.25,0.147058824,0.058823529,0.176470588,0.073529412
BV1ps411d7Ed,69,0.294117647,0.25,0.147058824,0.058823529,0.176470588,0.073529412
BV1ps411d7Ed,70,0.526315789,0.245614035,0.105263158,0,0.052631579,0.070175439
BV1ps411d7Ed,71,0.526315789,0.245614035,0.105263158,0,0.052631579,0.070175439
BV1ps411d7Ed,72,0.526315789,0.245614035,0.105263158,0,0.052631579,0.070175439
BV1ps411d7Ed,73,0.526315789,0.245614035,0.105263158,0,0.052631579,0.070175439
BV1ps411d7Ed,74,0.526315789,0.245614035,0.105263158,0,0.052631579,0.070175439
BV1ps411d7Ed,75,0.454545455,0.254545455,0.163636364,0.036363636,0.018181818,0.072727273
BV1ps411d7Ed,76,0.454545455,0.254545455,0.163636364,0.036363636,0.018181818,0.072727273
BV1ps411d7Ed,77,0.454545455,0.254545455,0.163636364,0.036363636,0.018181818,0.072727273
BV1ps411d7Ed,78,0.454545455,0.254545455,0.163636364,0.036363636,0.018181818,0.072727273
BV1ps411d7Ed,79,0.454545455,0.254545455,0.163636364,0.036363636,0.018181818,0.072727273
BV1ps411d7Ed,80,0.40625,0.1875,0.15625,0.046875,0.109375,0.09375
BV1ps411d7Ed,81,0.40625,0.1875,0.15625,0.046875,0.109375,0.09375
BV1ps411d7Ed,82,0.40625,0.1875,0.15625,0.046875,0.109375,0.09375
BV1ps411d7Ed,83,0.40625,0.1875,0.15625,0.046875,0.109375,0.09375
BV1ps411d7Ed,84,0.40625,0.1875,0.15625,0.046875,0.109375,0.09375
BV1ps411d7Ed,85,0.452830189,0.301886792,0.132075472,0.037735849,0.075471698,0
BV1ps411d7Ed,86,0.452830189,0.301886792,0.132075472,0.037735849,0.075471698,0
BV1ps411d7Ed,87,0.452830189,0.301886792,0.132075472,0.037735849,0.075471698,0
BV1ps411d7Ed,88,0.452830189,0.301886792,0.132075472,0.037735849,0.075471698,0
BV1ps411d7Ed,89,0.452830189,0.301886792,0.132075472,0.037735849,0.075471698,0
BV1ps411d7Ed,90,0.315789474,0.368421053,0.157894737,0,0.157894737,0
BV1ps411d7Ed,91,0.315789474,0.368421053,0.157894737,0,0.157894737,0
BV1ps411d7Ed,92,0.315789474,0.368421053,0.157894737,0,0.157894737,0
BV1ps411d7Ed,93,0.315789474,0.368421053,0.157894737,0,0.157894737,0
BV1ps411d7Ed,94,0.315789474,0.368421053,0.157894737,0,0.157894737,0
BV1ps411d7Ed,95,0.438596491,0.315789474,0.087719298,0,0.140350877,0.01754386
BV1ps411d7Ed,96,0.438596491,0.315789474,0.087719298,0,0.140350877,0.01754386
BV1ps411d7Ed,97,0.438596491,0.315789474,0.087719298,0,0.140350877,0.01754386
BV1ps411d7Ed,98,0.438596491,0.315789474,0.087719298,0,0.140350877,0.01754386
BV1ps411d7Ed,99,0.438596491,0.315789474,0.087719298,0,0.140350877,0.01754386
BV1ps411d7Ed,100,0.385964912,0.315789474,0.122807018,0,0.175438596,0
BV1ps411d7Ed,101,0.385964912,0.315789474,0.122807018,0,0.175438596,0
BV1ps411d7Ed,102,0.385964912,0.315789474,0.122807018,0,0.175438596,0
BV1ps411d7Ed,103,0.385964912,0.315789474,0.122807018,0,0.175438596,0
BV1ps411d7Ed,104,0.385964912,0.315789474,0.122807018,0,0.175438596,0
BV1ps411d7Ed,105,0.318181818,0.318181818,0.068181818,0.022727273,0.136363636,0.136363636
BV1ps411d7Ed,106,0.318181818,0.318181818,0.068181818,0.022727273,0.136363636,0.136363636
BV1ps411d7Ed,107,0.318181818,0.318181818,0.068181818,0.022727273,0.136363636,0.136363636
BV1ps411d7Ed,108,0.318181818,0.318181818,0.068181818,0.022727273,0.136363636,0.136363636
BV1ps411d7Ed,109,0.318181818,0.318181818,0.068181818,0.022727273,0.136363636,0.136363636
BV1ps411d7Ed,110,0.384615385,0.211538462,0.173076923,0.019230769,0.173076923,0.038461538
BV1ps411d7Ed,111,0.384615385,0.211538462,0.173076923,0.019230769,0.173076923,0.038461538
BV1ps411d7Ed,112,0.384615385,0.211538462,0.173076923,0.019230769,0.173076923,0.038461538
BV1ps411d7Ed,113,0.384615385,0.211538462,0.173076923,0.019230769,0.173076923,0.038461538
BV1ps411d7Ed,114,0.384615385,0.211538462,0.173076923,0.019230769,0.173076923,0.038461538
BV1ps411d7Ed,115,0.145833333,0.104166667,0.395833333,0.083333333,0.208333333,0.0625
BV1ps411d7Ed,116,0.145833333,0.104166667,0.395833333,0.083333333,0.208333333,0.0625
BV1ps411d7Ed,117,0.145833333,0.104166667,0.395833333,0.083333333,0.208333333,0.0625
BV1ps411d7Ed,118,0.145833333,0.104166667,0.395833333,0.083333333,0.208333333,0.0625
BV1ps411d7Ed,119,0.145833333,0.104166667,0.395833333,0.083333333,0.208333333,0.0625
BV1ps411d7Ed,120,0.206349206,0.238095238,0.317460317,0.015873016,0.158730159,0.063492063
BV1ps411d7Ed,121,0.206349206,0.238095238,0.317460317,0.015873016,0.158730159,0.063492063
BV1ps411d7Ed,122,0.206349206,0.238095238,0.317460317,0.015873016,0.158730159,0.063492063
BV1ps411d7Ed,123,0.206349206,0.238095238,0.317460317,0.015873016,0.158730159,0.063492063
BV1ps411d7Ed,124,0.206349206,0.238095238,0.317460317,0.015873016,0.158730159,0.063492063
BV1ps411d7Ed,125,0.16,0.26,0.42,0.02,0.12,0.02
BV1ps411d7Ed,126,0.16,0.26,0.42,0.02,0.12,0.02
BV1ps411d7Ed,127,0.16,0.26,0.42,0.02,0.12,0.02
BV1ps411d7Ed,128,0.16,0.26,0.42,0.02,0.12,0.02
BV1ps411d7Ed,129,0.16,0.26,0.42,0.02,0.12,0.02
BV1ps411d7Ed,130,0.350877193,0.228070175,0.175438596,0.01754386,0.192982456,0.035087719
BV1ps411d7Ed,131,0.350877193,0.228070175,0.175438596,0.01754386,0.192982456,0.035087719
BV1ps411d7Ed,132,0.350877193,0.228070175,0.175438596,0.01754386,0.192982456,0.035087719
BV1ps411d7Ed,133,0.350877193,0.228070175,0.175438596,0.01754386,0.192982456,0.035087719
BV1ps411d7Ed,134,0.350877193,0.228070175,0.175438596,0.01754386,0.192982456,0.035087719
BV1ps411d7Ed,135,0.375,0.285714286,0.160714286,0.035714286,0.053571429,0.089285714
BV1ps411d7Ed,136,0.375,0.285714286,0.160714286,0.035714286,0.053571429,0.089285714
BV1ps411d7Ed,137,0.375,0.285714286,0.160714286,0.035714286,0.053571429,0.089285714
BV1ps411d7Ed,138,0.375,0.285714286,0.160714286,0.035714286,0.053571429,0.089285714
BV1ps411d7Ed,139,0.375,0.285714286,0.160714286,0.035714286,0.053571429,0.089285714
BV1ps411d7Ed,140,0.396551724,0.224137931,0.224137931,0.034482759,0.103448276,0.017241379
BV1ps411d7Ed,141,0.396551724,0.224137931,0.224137931,0.034482759,0.103448276,0.017241379
BV1ps411d7Ed,142,0.396551724,0.224137931,0.224137931,0.034482759,0.103448276,0.017241379
BV1ps411d7Ed,143,0.396551724,0.224137931,0.224137931,0.034482759,0.103448276,0.017241379
BV1ps411d7Ed,144,0.396551724,0.224137931,0.224137931,0.034482759,0.103448276,0.017241379
BV1ps411d7Ed,145,0.428571429,0.102040816,0.142857143,0.020408163,0.204081633,0.102040816
BV1ps411d7Ed,146,0.428571429,0.102040816,0.142857143,0.020408163,0.204081633,0.102040816
BV1ps411d7Ed,147,0.428571429,0.102040816,0.142857143,0.020408163,0.204081633,0.102040816
BV1ps411d7Ed,148,0.428571429,0.102040816,0.142857143,0.020408163,0.204081633,0.102040816
BV1ps411d7Ed,149,0.428571429,0.102040816,0.142857143,0.020408163,0.204081633,0.102040816
BV1ps411d7Ed,150,0.25,0.2,0.133333333,0.033333333,0.366666667,0.016666667
BV1ps411d7Ed,151,0.25,0.2,0.133333333,0.033333333,0.366666667,0.016666667
BV1ps411d7Ed,152,0.25,0.2,0.133333333,0.033333333,0.366666667,0.016666667
BV1ps411d7Ed,153,0.25,0.2,0.133333333,0.033333333,0.366666667,0.016666667
BV1ps411d7Ed,154,0.25,0.2,0.133333333,0.033333333,0.366666667,0.016666667
BV1ps411d7Ed,155,0.246153846,0.507692308,0.107692308,0,0.107692308,0.030769231
BV1ps411d7Ed,156,0.246153846,0.507692308,0.107692308,0,0.107692308,0.030769231
BV1ps411d7Ed,157,0.246153846,0.507692308,0.107692308,0,0.107692308,0.030769231
BV1ps411d7Ed,158,0.246153846,0.507692308,0.107692308,0,0.107692308,0.030769231
BV1ps411d7Ed,159,0.246153846,0.507692308,0.107692308,0,0.107692308,0.030769231
BV1ps411d7Ed,160,0.257575758,0.393939394,0.136363636,0,0.196969697,0.015151515
BV1ps411d7Ed,161,0.257575758,0.393939394,0.136363636,0,0.196969697,0.015151515
BV1ps411d7Ed,162,0.257575758,0.393939394,0.136363636,0,0.196969697,0.015151515
BV1ps411d7Ed,163,0.257575758,0.393939394,0.136363636,0,0.196969697,0.015151515
BV1ps411d7Ed,164,0.257575758,0.393939394,0.136363636,0,0.196969697,0.015151515
BV1ps411d7Ed,165,0.225806452,0.225806452,0.080645161,0.048387097,0.387096774,0.032258065
BV1ps411d7Ed,166,0.225806452,0.225806452,0.080645161,0.048387097,0.387096774,0.032258065
BV1ps411d7Ed,167,0.225806452,0.225806452,0.080645161,0.048387097,0.387096774,0.032258065
BV1ps411d7Ed,168,0.225806452,0.225806452,0.080645161,0.048387097,0.387096774,0.032258065
BV1ps411d7Ed,169,0.225806452,0.225806452,0.080645161,0.048387097,0.387096774,0.032258065
BV1ps411d7Ed,170,0.217391304,0.507246377,0.115942029,0,0.144927536,0.014492754
BV1ps411d7Ed,171,0.217391304,0.507246377,0.115942029,0,0.144927536,0.014492754
BV1ps411d7Ed,172,0.217391304,0.507246377,0.115942029,0,0.144927536,0.014492754
BV1ps411d7Ed,173,0.217391304,0.507246377,0.115942029,0,0.144927536,0.014492754
BV1ps411d7Ed,174,0.217391304,0.507246377,0.115942029,0,0.144927536,0.014492754
BV1ps411d7Ed,175,0.229508197,0.459016393,0.114754098,0,0.147540984,0.049180328
BV1ps411d7Ed,176,0.229508197,0.459016393,0.114754098,0,0.147540984,0.049180328
BV1ps411d7Ed,177,0.229508197,0.459016393,0.114754098,0,0.147540984,0.049180328
BV1ps411d7Ed,178,0.229508197,0.459016393,0.114754098,0,0.147540984,0.049180328
BV1ps411d7Ed,179,0.229508197,0.459016393,0.114754098,0,0.147540984,0.049180328
BV1ps411d7Ed,180,0.350877193,0.210526316,0.157894737,0.070175439,0.122807018,0.087719298
BV1ps411d7Ed,181,0.350877193,0.210526316,0.157894737,0.070175439,0.122807018,0.087719298
BV1ps411d7Ed,182,0.350877193,0.210526316,0.157894737,0.070175439,0.122807018,0.087719298
BV1ps411d7Ed,183,0.350877193,0.210526316,0.157894737,0.070175439,0.122807018,0.087719298
BV1ps411d7Ed,184,0.350877193,0.210526316,0.157894737,0.070175439,0.122807018,0.087719298
BV1ps411d7Ed,185,0.392857143,0.160714286,0.160714286,0.017857143,0.196428571,0.071428571
BV1ps411d7Ed,186,0.392857143,0.160714286,0.160714286,0.017857143,0.196428571,0.071428571
BV1ps411d7Ed,187,0.392857143,0.160714286,0.160714286,0.017857143,0.196428571,0.071428571
BV1ps411d7Ed,188,0.392857143,0.160714286,0.160714286,0.017857143,0.196428571,0.071428571
BV1ps411d7Ed,189,0.392857143,0.160714286,0.160714286,0.017857143,0.196428571,0.071428571
BV1ps411d7Ed,190,0.29787234,0.319148936,0.127659574,0.042553191,0.170212766,0.042553191
BV1ps411d7Ed,191,0.29787234,0.319148936,0.127659574,0.042553191,0.170212766,0.042553191
BV1ps411d7Ed,192,0.29787234,0.319148936,0.127659574,0.042553191,0.170212766,0.042553191
BV1ps411d7Ed,193,0.29787234,0.319148936,0.127659574,0.042553191,0.170212766,0.042553191
BV1ps411d7Ed,194,0.29787234,0.319148936,0.127659574,0.042553191,0.170212766,0.042553191
BV1ps411d7Ed,195,0.490196078,0.176470588,0.117647059,0.019607843,0.176470588,0.019607843
